  #     beta     phi_d     phi_m   phi_m_small     phi_m_smoomth_x     phi_m_smoomth_y     phi_m_smoomth_z      phi
   1 1.3082e+08 7.7322e+05 2.1694e-03 2.1286e-03 1.9847e-05 6.4682e-06  1.4449e-05  1.7305e+06
   2 1.3082e+07 2.7378e+05 1.5318e-02 1.4269e-02 7.5973e-04 9.7607e-05  1.9152e-04  8.0160e+05
   3 1.3082e+06 3.3916e+04 7.2245e-02 6.1943e-02 8.3065e-03 6.8053e-04  1.3153e-03  2.9382e+05
   4 1.3082e+05 2.3909e+03 1.2545e-01 1.0217e-01 1.8160e-02 2.6233e-03  2.4885e-03  4.3367e+04
   5 1.3082e+04 5.0716e+02 2.4385e-01 1.9450e-01 3.2669e-02 1.2943e-02  3.7340e-03  4.9997e+03
   6 1.0380e+04 3.5309e+02 2.8000e-01 2.1737e-01 3.9392e-02 1.8715e-02  4.5237e-03  3.3583e+03
   7 1.0925e+04 4.3424e+02 2.8886e-01 2.2607e-01 3.9897e-02 1.7059e-02  5.8279e-03  3.6735e+03
   8 9.7577e+03 4.3173e+02 3.2054e-01 2.4717e-01 4.5144e-02 2.0779e-02  7.4492e-03  3.6407e+03
   9 8.7545e+03 4.8805e+02 3.4132e-01 2.5903e-01 5.0066e-02 2.1973e-02  1.0250e-02  3.5762e+03
  10 7.1501e+03 4.8921e+02 3.6504e-01 2.5827e-01 6.3224e-02 2.9156e-02  1.4384e-02  3.1935e+03
  11 5.8293e+03 5.0019e+02 3.9158e-01 2.6012e-01 7.7563e-02 3.4888e-02  1.9012e-02  2.8656e+03
  12 4.6738e+03 4.9126e+02 4.1439e-01 2.5045e-01 9.3535e-02 4.5990e-02  2.4415e-02  2.4918e+03
  13 3.7985e+03 4.7339e+02 4.4316e-01 2.4862e-01 1.0933e-01 5.6120e-02  2.9098e-02  2.2044e+03
  14 3.1749e+03 4.7628e+02 4.6156e-01 2.3643e-01 1.2492e-01 6.6999e-02  3.3202e-02  1.9785e+03
  15 2.6415e+03 4.4729e+02 4.9538e-01 2.3476e-01 1.4247e-01 8.1042e-02  3.7105e-02  1.7837e+03
  16 2.3059e+03 4.5030e+02 5.0831e-01 2.2082e-01 1.5385e-01 9.2818e-02  4.0814e-02  1.6451e+03
  17 2.0025e+03 4.2242e+02 5.4001e-01 2.1790e-01 1.7110e-01 1.0724e-01  4.3774e-02  1.5211e+03
  18 1.8274e+03 4.2694e+02 5.4719e-01 2.0247e-01 1.8123e-01 1.1647e-01  4.7013e-02  1.4412e+03
  19 1.6538e+03 3.9870e+02 5.7315e-01 1.9743e-01 1.9562e-01 1.3014e-01  4.9957e-02  1.3580e+03
  20 1.5793e+03 4.0353e+02 5.6591e-01 1.7885e-01 1.9958e-01 1.3510e-01  5.2380e-02  1.3078e+03
  21 1.4939e+03 3.7791e+02 5.7994e-01 1.7121e-01 2.0900e-01 1.4515e-01  5.4578e-02  1.2530e+03
  22 1.4887e+03 3.8872e+02 5.5722e-01 1.5108e-01 2.0681e-01 1.4345e-01  5.5881e-02  1.2262e+03
  23 1.4505e+03 3.6724e+02 5.6536e-01 1.4230e-01 2.1362e-01 1.5162e-01  5.7826e-02  1.1944e+03
  24 1.4789e+03 3.8410e+02 5.3573e-01 1.2240e-01 2.0717e-01 1.4751e-01  5.8655e-02  1.1833e+03
  25 1.4547e+03 3.5838e+02 5.4564e-01 1.1503e-01 2.1307e-01 1.5677e-01  6.0761e-02  1.1581e+03
  26 1.5128e+03 3.7870e+02 5.0860e-01 9.6720e-02 2.0307e-01 1.4810e-01  6.0719e-02  1.1538e+03
  27 1.5049e+03 3.5326e+02 5.1723e-01 9.0071e-02 2.0973e-01 1.5564e-01  6.1784e-02  1.1366e+03
  28 1.5833e+03 3.8024e+02 4.7969e-01 7.4581e-02 2.0005e-01 1.4406e-01  6.0993e-02  1.1446e+03
  29 1.5700e+03 3.5531e+02 4.9412e-01 6.8922e-02 2.0902e-01 1.5300e-01  6.3173e-02  1.1354e+03
  30 1.6440e+03 3.8302e+02 4.6219e-01 5.6766e-02 1.9934e-01 1.4322e-01  6.2868e-02  1.1469e+03
  31 1.6208e+03 3.6087e+02 4.7660e-01 5.1863e-02 2.0780e-01 1.5280e-01  6.4140e-02  1.1367e+03
  32 1.6760e+03 3.8056e+02 4.5006e-01 4.2873e-02 1.9823e-01 1.4571e-01  6.3249e-02  1.1380e+03
  33 1.6608e+03 3.5965e+02 4.5912e-01 3.8236e-02 2.0361e-01 1.5351e-01  6.3769e-02  1.1251e+03
  34 1.7221e+03 3.8098e+02 4.3504e-01 3.1318e-02 1.9639e-01 1.4523e-01  6.2113e-02  1.1331e+03
  35 1.7050e+03 3.6138e+02 4.4471e-01 2.7495e-02 2.0398e-01 1.5152e-01  6.1716e-02  1.1223e+03
  36 1.7611e+03 3.8428e+02 4.2550e-01 2.2299e-02 1.9728e-01 1.4456e-01  6.1361e-02  1.1363e+03
  37 1.7317e+03 3.7017e+02 4.3666e-01 1.9663e-02 2.0344e-01 1.5149e-01  6.2066e-02  1.1284e+03
  38 1.7545e+03 3.8083e+02 4.2537e-01 1.6318e-02 1.9958e-01 1.4818e-01  6.1300e-02  1.1291e+03
  39 1.7376e+03 3.7039e+02 4.3102e-01 1.4001e-02 2.0326e-01 1.5257e-01  6.1191e-02  1.1212e+03
  40 1.7596e+03 3.7783e+02 4.2115e-01 1.1579e-02 1.9926e-01 1.5002e-01  6.0291e-02  1.1208e+03
  41 1.7537e+03 3.6680e+02 4.2197e-01 9.8179e-03 1.9830e-01 1.5403e-01  5.9823e-02  1.1087e+03
  42 1.7898e+03 3.7988e+02 4.0987e-01 8.0100e-03 1.9318e-01 1.5025e-01  5.8427e-02  1.1153e+03
  43 1.7761e+03 3.6900e+02 4.1495e-01 6.8200e-03 1.9641e-01 1.5403e-01  5.7698e-02  1.1077e+03
  44 1.8041e+03 3.6967e+02 4.0330e-01 5.6348e-03 1.9243e-01 1.4972e-01  5.5522e-02  1.0989e+03
  45 1.8297e+03 3.6505e+02 3.9698e-01 4.6663e-03 1.9264e-01 1.4674e-01  5.2931e-02  1.0934e+03
  46 1.8746e+03 3.7506e+02 3.8780e-01 3.8276e-03 1.8927e-01 1.4261e-01  5.2090e-02  1.1038e+03
  47 1.8794e+03 3.7266e+02 3.8931e-01 3.2743e-03 1.9073e-01 1.4375e-01  5.1555e-02  1.1058e+03
  48 1.8939e+03 3.7717e+02 3.8478e-01 2.7618e-03 1.8944e-01 1.4200e-01  5.0580e-02  1.1074e+03
  49 1.8902e+03 3.7148e+02 3.8656e-01 2.3250e-03 1.9095e-01 1.4335e-01  4.9931e-02  1.1037e+03
  50 1.9096e+03 3.7842e+02 3.7997e-01 1.9428e-03 1.8843e-01 1.4068e-01  4.8912e-02  1.1055e+03
