  #     beta     phi_d     phi_m   phi_m_small     phi_m_smoomth_x     phi_m_smoomth_y     phi_m_smoomth_z      phi
   1 1.2133e+08 7.5202e+05 2.3030e-03 2.2586e-03 2.1925e-05 7.0426e-06  1.5463e-05  1.7285e+06
   2 1.2133e+07 2.6415e+05 1.6212e-02 1.5065e-02 8.3619e-04 1.0535e-04  2.0576e-04  7.7996e+05
   3 1.2133e+06 3.1002e+04 7.5323e-02 6.4497e-02 8.7422e-03 7.1770e-04  1.3663e-03  2.8382e+05
   4 1.2133e+05 1.9388e+03 1.2786e-01 1.0429e-01 1.8466e-02 2.5752e-03  2.5314e-03  4.0141e+04
   5 1.2133e+04 3.3433e+02 2.4517e-01 1.9693e-01 3.2278e-02 1.2175e-02  3.7864e-03  4.4163e+03
   6 1.1136e+04 2.9621e+02 2.7618e-01 2.1895e-01 3.6885e-02 1.5517e-02  4.8279e-03  3.4396e+03
   7 1.1250e+04 3.8568e+02 2.8929e-01 2.3252e-01 3.7291e-02 1.3338e-02  6.1497e-03  3.7325e+03
   8 9.2510e+03 3.1400e+02 3.2511e-01 2.5432e-01 4.4684e-02 1.8324e-02  7.7815e-03  3.4051e+03
   9 8.9211e+03 4.5509e+02 3.3125e-01 2.5775e-01 4.6312e-02 1.6449e-02  1.0732e-02  3.5309e+03
  10 6.4889e+03 3.1245e+02 3.7607e-01 2.6696e-01 6.5588e-02 2.8191e-02  1.5332e-02  2.8495e+03
  11 6.2821e+03 5.1962e+02 3.6509e-01 2.4976e-01 7.0466e-02 2.4542e-02  2.0313e-02  2.9258e+03
  12 4.1580e+03 3.0667e+02 4.3060e-01 2.6214e-01 9.7146e-02 4.5365e-02  2.5946e-02  2.1667e+03
  13 4.0856e+03 4.9386e+02 3.9262e-01 2.2730e-01 9.6178e-02 3.8573e-02  3.0575e-02  2.1657e+03
  14 2.8026e+03 3.1512e+02 4.7390e-01 2.4413e-01 1.2924e-01 6.4815e-02  3.5711e-02  1.6896e+03
  15 2.6950e+03 4.3705e+02 4.3208e-01 2.0678e-01 1.2642e-01 5.8911e-02  3.9969e-02  1.6372e+03
  16 2.0189e+03 3.0989e+02 5.1374e-01 2.2330e-01 1.5796e-01 8.8384e-02  4.4101e-02  1.3730e+03
  17 1.9674e+03 3.8610e+02 4.7337e-01 1.8866e-01 1.5454e-01 8.2327e-02  4.7843e-02  1.3365e+03
  18 1.6164e+03 3.0051e+02 5.4446e-01 1.9979e-01 1.8387e-01 1.0913e-01  5.1661e-02  1.1946e+03
  19 1.6142e+03 3.5397e+02 5.0067e-01 1.6832e-01 1.7661e-01 1.0182e-01  5.3919e-02  1.1739e+03
  20 1.4173e+03 2.8843e+02 5.5371e-01 1.7417e-01 1.9860e-01 1.2455e-01  5.6386e-02  1.0824e+03
  21 1.4628e+03 3.3206e+02 5.0209e-01 1.4432e-01 1.8627e-01 1.1399e-01  5.7504e-02  1.0752e+03
  22 1.3498e+03 2.7776e+02 5.3991e-01 1.4605e-01 2.0151e-01 1.3326e-01  5.9097e-02  1.0136e+03
  23 1.4362e+03 3.2075e+02 4.8119e-01 1.1842e-01 1.8436e-01 1.1953e-01  5.8885e-02  1.0192e+03
  24 1.3619e+03 2.7299e+02 5.1247e-01 1.1769e-01 1.9729e-01 1.3673e-01  6.0756e-02  9.7712e+02
  25 1.4697e+03 3.1508e+02 4.5591e-01 9.4316e-02 1.8128e-01 1.2032e-01  5.9985e-02  9.9151e+02
  26 1.4134e+03 2.7551e+02 4.8416e-01 9.1785e-02 1.9500e-01 1.3560e-01  6.1766e-02  9.6504e+02
  27 1.5139e+03 3.1028e+02 4.3425e-01 7.3784e-02 1.7964e-01 1.2026e-01  6.0576e-02  9.7301e+02
  28 1.4738e+03 2.7561e+02 4.5343e-01 7.0454e-02 1.8952e-01 1.3172e-01  6.1736e-02  9.4813e+02
  29 1.5782e+03 3.0188e+02 4.1206e-01 5.7214e-02 1.7657e-01 1.1831e-01  5.9970e-02  9.5646e+02
  30 1.5703e+03 2.8397e+02 4.2350e-01 5.2451e-02 1.8408e-01 1.2590e-01  6.1070e-02  9.5249e+02
  31 1.6412e+03 3.0750e+02 3.9940e-01 4.3279e-02 1.7614e-01 1.1912e-01  6.0859e-02  9.6627e+02
  32 1.6092e+03 2.8837e+02 4.1208e-01 3.9532e-02 1.8333e-01 1.2726e-01  6.1958e-02  9.5430e+02
  33 1.6611e+03 3.0490e+02 3.9119e-01 3.2589e-02 1.7653e-01 1.2082e-01  6.1257e-02  9.5755e+02
  34 1.6398e+03 2.8881e+02 4.0034e-01 2.8939e-02 1.8210e-01 1.2707e-01  6.2226e-02  9.4772e+02
  35 1.6906e+03 3.0227e+02 3.8278e-01 2.3798e-02 1.7626e-01 1.2147e-01  6.1255e-02  9.5183e+02
  36 1.6804e+03 2.9059e+02 3.8705e-01 2.0668e-02 1.8012e-01 1.2524e-01  6.1026e-02  9.4316e+02
  37 1.7240e+03 2.9712e+02 3.7235e-01 1.7119e-02 1.7617e-01 1.2044e-01  5.8626e-02  9.4106e+02
  38 1.7373e+03 2.9567e+02 3.7139e-01 1.4482e-02 1.7663e-01 1.2170e-01  5.8577e-02  9.4275e+02
  39 1.7577e+03 2.9919e+02 3.6560e-01 1.2037e-02 1.7473e-01 1.2083e-01  5.8002e-02  9.4351e+02
  40 1.7615e+03 2.9372e+02 3.6428e-01 1.0165e-02 1.7560e-01 1.2140e-01  5.7117e-02  9.3700e+02
  41 1.7916e+03 3.0231e+02 3.5561e-01 8.3549e-03 1.7209e-01 1.1975e-01  5.5409e-02  9.4102e+02
  42 1.7807e+03 2.9557e+02 3.5887e-01 7.1055e-03 1.7378e-01 1.2259e-01  5.5392e-02  9.3619e+02
  43 1.8020e+03 2.9940e+02 3.5225e-01 5.8567e-03 1.7132e-01 1.2057e-01  5.4504e-02  9.3584e+02
  44 1.8049e+03 2.9659e+02 3.5153e-01 4.8331e-03 1.7153e-01 1.2125e-01  5.3913e-02  9.3259e+02
  45 1.8215e+03 2.9778e+02 3.4716e-01 3.9870e-03 1.7004e-01 1.2004e-01  5.3097e-02  9.3140e+02
  46 1.8323e+03 2.9699e+02 3.4500e-01 3.3808e-03 1.6956e-01 1.1977e-01  5.2296e-02  9.3043e+02
  47 1.8472e+03 2.9768e+02 3.4148e-01 2.8535e-03 1.6838e-01 1.1886e-01  5.1397e-02  9.2989e+02
  48 1.8587e+03 2.9766e+02 3.3900e-01 2.3578e-03 1.6770e-01 1.1837e-01  5.0577e-02  9.2912e+02
  49 1.8704e+03 2.9656e+02 3.3651e-01 1.9976e-03 1.6690e-01 1.1784e-01  4.9778e-02  9.2738e+02
  50 1.8878e+03 2.9777e+02 3.3270e-01 1.7192e-03 1.6535e-01 1.1681e-01  4.8824e-02  9.2727e+02
